vai tomando playboy
até aqui tá dibas
orignal:
0 0 0 0 0 0 0 0 0 0 0 0 0 0 0 0 0 0 -1 -3 -2 -2 5 2 1 0 0 0 0 0 0 
0 0 0 0 0 0 0 0 0 0 0 0 0 0 0 0 -2 -3 0 1 -15 10 6 1 2 0 0 0 0 0 0 
0 0 0 0 0 0 0 0 0 0 0 0 0 0 -2 -4 1 1 1 -13 6 7 0 1 2 0 0 0 0 0 0 
0 0 0 0 0 0 -3 -13 -4 -1 1 18 0 -2 -2 1 1 0 -14 0 13 0 0 1 4 0 0 0 0 0 0 
0 0 0 0 -7 -19 -1 0 -6 -4 7 -6 -6 3 2 3 1 1 0 14 3 9 4 2 0 0 0 0 0 0 0 
0 0 0 -10 -14 -8 0 -1 -4 -3 -6 14 2 -4 -1 -3 1 3 -3 1 34 2 0 0 0 0 0 0 0 0 0 
0 0 -2 -23 -12 7 -1 0 -2 -5 -4 -1 9 -7 3 0 -1 -3 -1 2 41 0 0 0 0 0 0 0 0 0 0 
0 0 -18 -14 0 -2 -4 16 0 -4 2 -8 -8 -5 10 5 7 0 -13 13 8 15 0 0 0 0 0 0 0 0 0 
0 0 -21 -17 0 -1 16 0 1 1 -3 -1 -13 28 3 5 2 0 -1 -20 19 2 0 0 0 0 0 0 0 0 0 
0 0 -23 -15 -2 6 5 5 8 2 0 -5 -10 21 8 0 0 0 0 -4 -14 18 0 0 0 0 0 0 0 0 0 
-1 -7 -21 -10 -1 10 -4 9 6 2 1 -3 -8 16 11 0 0 0 0 0 -3 3 0 0 0 0 0 0 0 0 0 
-4 -16 -5 -12 -3 7 0 6 5 2 -2 1 -4 19 8 0 0 0 0 0 0 0 0 0 0 0 0 0 0 0 0 
-5 -22 -1 -5 -2 3 7 -5 9 -2 -1 2 -3 31 0 0 0 0 0 0 0 0 0 0 0 0 0 0 0 0 0 
-19 -13 10 1 -13 -5 5 4 -9 2 8 -1 20 14 0 0 0 0 0 0 0 0 0 0 0 0 0 0 0 0 0 
-17 10 5 -4 -12 -12 -11 -3 7 2 -1 21 18 0 0 0 0 0 0 0 0 0 0 0 0 0 0 0 0 0 0 
-1 0 -1 -1 -3 4 0 -8 -4 6 11 0 0 0 0 0 0 0 0 0 0 0 0 0 0 0 0 0 0 0 0 
-1 -2 -1 0 5 2 0 0 0 0 0 0 0 0 0 0 0 0 0 0 0 0 0 0 0 0 0 0 0 0 0 
-2 -1 -1 4 2 0 0 0 0 0 0 0 0 0 0 0 0 0 0 0 0 0 0 0 0 0 0 0 0 0 0 
-4 -2 5 1 0 0 0 0 0 0 0 0 0 0 0 0 0 0 0 0 0 0 0 0 0 0 0 0 0 0 0 
-1 0 1 0 0 0 0 0 0 0 0 0 0 0 0 0 0 0 0 0 0 0 0 0 0 0 0 0 0 0 0 
0 0 0 0 0 0 0 0 0 0 0 0 0 0 0 0 0 0 0 0 0 0 0 0 0 0 0 0 0 0 0 
0 0 0 0 0 0 0 0 0 0 0 0 0 0 0 0 0 0 0 0 0 0 0 0 0 0 0 0 0 0 0 
0 0 0 0 0 0 0 0 0 0 0 0 0 0 0 0 0 0 0 0 0 0 0 0 0 0 0 0 0 0 0 
0 0 0 0 0 0 0 0 0 0 0 0 0 0 0 0 0 0 0 0 0 0 0 0 0 0 0 0 0 0 0 
0 0 0 0 0 0 0 0 0 0 0 0 0 0 0 0 0 0 0 0 0 0 0 0 0 0 0 0 0 0 0 
0 0 0 0 0 0 0 0 0 0 0 0 0 0 0 0 0 0 0 0 0 0 0 0 0 0 0 0 0 0 0 
0 0 0 0 0 0 0 0 0 0 0 0 0 0 0 0 0 0 0 0 0 0 0 0 0 0 0 0 0 0 0 
0 0 0 0 0 0 0 0 0 0 0 0 0 0 0 0 0 0 0 0 0 0 0 0 0 0 0 0 0 0 0 
0 0 0 0 0 0 0 0 0 0 0 0 0 0 0 0 0 0 0 0 0 0 0 0 0 0 0 0 0 0 0 
0 0 0 0 0 0 0 0 0 0 0 0 0 0 0 0 0 0 0 0 0 0 0 0 0 0 0 0 0 0 0 
0 0 0 0 0 0 0 0 0 0 0 0 0 0 0 0 0 0 0 0 0 0 0 0 0 0 0 0 0 0 0 
1 0 0 0 0 0 0 0 0 0 0 0 0 0 0 0 0 0 0 0 0 0 0 0 0 0 0 0 0 0 0 
nova:
0 0 2 0 2 0 2 0 2 0 2 0 2 0 2 0 2 0 2 0 2 0 2 0 2 0 2 0 2 0 2 
2 0 2 0 3 0 2 -1 -3 -6 0 0 5 0 5 0 5 0 5 0 5 0 5 0 5 0 5 0 5 0 -1 
1 -30 0 1 0 9 0 0 -1 -1 -1 -1 -1 -1 -1 -1 -1 -1 -1 -1 -1 -1 -1 -1 -1 -1 -1 1 3 0 0 
2 -1 0 0 -3 -1 -1 -1 -1 -1 -1 -1 -1 -1 -1 -1 -1 -1 0 2 3 0 0 -13 0 -1 1 1 0 0 0 
0 3 0 0 -5 -5 17 0 -2 2 1 0 -2 2 1 0 -2 2 1 0 -2 0 -1 0 -1 0 0 1 0 0 0 
0 0 0 0 0 -1 0 -6 -3 -1 0 -1 -1 -1 -1 -1 -1 -1 -1 -1 -1 5 0 1 7 0 0 0 3 0 1 
-1 3 0 0 0 0 0 0 -29 -1 0 -1 -1 -1 -1 -1 -1 -1 -1 -1 -1 -1 1 8 3 0 0 0 0 -3 0 
0 -6 0 0 0 -5 1 2 -22 0 2 4 5 -2 0 -1 4 5 -2 0 -1 4 5 -2 0 -1 4 5 -2 0 0 
0 1 0 3 2 0 0 0 0 3 -1 7 7 2 -5 -2 0 0 -53 -9 -2 -33 -1 -1 -1 -1 -1 -1 -1 -1 -1 
0 -1 -6 9 13 0 0 0 0 0 0 0 2 -3 0 -2 -1 0 0 0 0 -49 0 0 -1 -1 -1 -1 -1 -1 -1 
-1 -1 -1 -6 2 0 1 -1 -2 -2 -7 -1 0 0 5 0 0 -4 1 0 2 0 0 0 0 0 0 0 0 0 -1 
-1 0 -1 0 -1 0 -1 0 -1 0 -1 0 -1 0 -1 0 -1 0 0 10 5 0 -5 3 -6 -1 -1 0 0 7 -15 
0 -5 -5 -5 -5 -3 -3 -9 -5 -9 -5 -9 -5 8 60 0 3 0 0 0 24 -6 0 -2 7 3 -7 0 0 0 0 
0 0 0 0 0 0 0 0 0 0 0 0 -1 -2 -1 0 2 1 0 0 2 -6 1 0 -1 0 0 0 -65 0 0 
0 0 -65 0 0 -65 0 0 -65 0 0 -64 -2 0 -2 -2 0 0 -13 2 -2 -3 6 -1 -7 0 -11 -1 0 23 -2 
-1 23 -2 11 -1 23 -2 11 -1 23 -2 11 -1 31 0 0 -14 0 0 0 0 0 0 0 -1 0 38 -10 -13 0 -1 
-1 0 -1 0 -1 0 -1 0 -1 0 -1 0 -1 0 -1 0 -1 0 -1 0 -1 0 -1 0 -1 0 -1 0 -1 0 -1 
-1 0 -1 0 0 -1 0 0 -3 0 -1 -3 0 0 -4 0 -5 -5 -5 -5 -5 -5 -5 -5 -5 -5 -5 -5 -5 -5 -5 
-5 -5 -5 -5 -4 0 -2 -1 2 9 0 0 -1 -1 -1 -1 -1 -1 -1 -1 -1 -1 -1 -1 -1 -1 -1 -1 -1 -1 -1 
-1 -1 -1 0 5 0 2 0 0 0 -1 -1 -1 -1 -1 -1 -1 -1 -1 -1 -1 -1 -1 -1 -1 -1 -1 -1 -1 -1 -1 
-1 -1 -1 2 3 1 -2 0 0 5 0 5 0 5 0 5 0 5 0 5 0 5 0 5 0 5 0 5 0 5 0 
-21 5 0 5 0 5 0 5 0 5 0 5 0 5 0 5 0 5 0 5 0 5 0 5 0 5 0 5 0 5 0 
0 5 0 5 0 5 0 5 0 5 0 5 0 5 0 5 0 5 0 5 0 5 0 5 0 5 0 5 0 5 0 
0 5 0 5 0 5 0 5 0 5 0 5 0 5 0 5 0 5 0 5 0 5 0 5 0 5 0 5 0 5 0 
0 5 0 5 0 5 0 5 0 5 0 5 0 5 0 5 0 5 0 5 0 5 0 5 0 5 0 5 0 5 0 
0 5 0 5 0 5 0 5 0 5 0 5 0 5 0 5 0 5 0 5 0 5 0 5 0 5 0 5 0 5 0 
0 5 0 5 0 5 0 5 0 5 0 5 0 5 0 5 0 5 0 5 0 5 0 5 0 5 0 5 0 5 0 
0 5 0 5 0 5 0 5 0 5 0 5 0 5 0 5 0 5 0 5 0 5 0 5 0 5 0 5 0 5 0 
0 5 0 5 0 5 0 5 0 5 0 5 0 5 0 5 0 5 0 5 0 5 0 5 0 5 0 5 0 5 0 
0 5 0 5 0 5 0 5 0 5 0 5 0 5 0 5 0 5 0 5 0 5 0 5 0 5 0 5 0 5 0 
0 5 0 5 0 5 0 5 0 5 0 5 0 5 0 6 0 0 5 0 5 0 5 0 5 0 5 0 5 0 5 
5 0 5 0 5 0 5 0 5 -1 0 47 -2 23 -1 47 -2 23 0 -2 0 -2 -2 -2 -2 -2 -2 -2 -2 -10 0 
